#' Complete list of palettes
#'
#' Use \code{\link{paris2024_palette}} to construct palettes of desired length.
#'
#' @export
paris2024_palettes <- list(
  Logo = c("#D7C378", "#000000"),
  OlympicRings = c("#0078D0", "#FFB114", "#000000", "#00A651", "#F0282D"),
  GamesLook = c("#F1ABC9", "#D9C47A", "#2393CD", "#003561", "#61CFFF")
)
